4.93573
0.0409153
-0.112111
-0.0797738
-0.00303808
0.0129253
0.00502347
-0.0674262
-0.030306
0
0.0621194
-0.0560451
-0.0326135
0.0725329
0.121539
0.0046883
-0.0337743
-0.0311332
0
0.166389
0.00762964
0.00469403
-0.0137283
0.0440457
0.0359368
-0.00361387
0.0493729
0
0.140883
0.0195654
0.0599185
0.0930282
0.113476
0.0864559
0.046955
0.0692456
0
0.0723014
-0.0614536
-0.0491355
0.0299333
0.083228
-0.0304953
-0.0582757
-0.0251201
0
0.0118917
-0.13648
-0.0505918
0.0309056
0.0616301
0.0356631
-0.0333591
-0.0380455
0
0.189502
0.00244227
0.0402595
0.0536459
0.0605188
0.0579946
0.0323078
0.100917
0
0.142781
-0.0396227
0.0233101
0.057116
0.00665064
0.024093
0.0127915
0.0764557
0
0.0132829
-0.132889
-0.0533893
0.0058387
0.0859307
0.0184435
-0.0314973
-0.009419
0
0.0976222
-0.0853378
-0.0362717
0.00202741
0.0367192
-0.00985996
-0.0599265
-0.0232836
0
0.176178
-0.00981389
0.0275786
0.0423162
0.00296651
-0.00931428
3.11697e-005
0.0694656
0
0.0549019
-0.0623324
0.0659365
0.232173
0.141962
0.0479057
-0.00260215
0.00515395
0
0.114492
-0.101072
-0.0591125
-0.0130901
0.0166448
-0.032957
-0.0900597
-0.0285451
0
0.123511
-0.118026
-0.0592561
-0.0246877
-3.84516e-005
0.00645256
-0.0626667
-0.0102086
0
0.0833633
-0.0566854
0.0552874
0.192077
0.106322
-0.00918808
-0.0582358
0.000586961
0
0.0626778
-0.0986155
-0.0334947
0.00111072
0.102807
0.164605
0.0917257
-0.00729708
0
0.14882
-0.0989728
-0.0351347
0.00714136
0.0298857
0.0306459
-0.0521919
0.018065
0
0.0472868
-0.0874823
-0.0445426
0.0371979
0.0856422
0.0329645
-0.0130238
-0.0245092
0
0.0908144
-0.0698629
-0.00235254
0.037743
0.118954
0.19365
0.0936616
-0.0139976
0
0.149111
-0.0362208
-0.052311
0.00284601
0.0186605
-0.00519012
0.0150559
0.0841335
0
0.0578513
-0.0712368
-0.0378795
0.0608399
0.0647656
0.0559231
0.0114576
-0.000488499
0
0.067017
-0.105081
-0.0554182
-0.0241411
0.0652252
0.0226147
-0.0376767
0.00152331
0
0.122395
-0.00590949
-0.0247036
0.035075
-0.0436545
-0.0200081
0.00961456
0.0171408
0
0.15209
-0.023949
-0.00473594
0.083462
0.0555954
0.0804907
0.0185072
0.0510506
0
0.0470306
-0.0839444
-0.0340697
0.00488225
0.0500919
0.073222
-0.00357952
0.00307073
0
0.0847115
-0.0840677
-0.0623943
-0.0345397
-0.0385365
-0.0602824
-0.104604
-0.0526041
0
0.17299
0.0176761
0.041345
0.120781
0.04015
0.0953515
0.0573804
0.100863
0
0.174286
-0.0228197
0.0228168
0.070478
0.0239553
-0.00172778
-0.0238488
0.0264746
0
0.0764508
-0.0275373
-0.0248285
-0.0561539
0.0329182
0.00139737
-0.0318347
-0.017198
0
0.0638405
-0.0187791
0.0250132
0.0210066
0.0613536
0.0140006
0.00584094
-0.000345976
0
0.048896
-0.0398569
0.00805545
0.010224
-0.0091002
0.00291377
0.0535353
0.0689671
0
0.0429573
-0.0114355
-0.0158364
0.0799985
0.0622043
0.0609953
0.0307016
0.0214723
0
0.061217
-0.0397676
-0.00063749
0.00693691
0.0656493
-0.0144812
-0.0100298
-0.0023768
0
0.0503076
-0.0522987
0.000112163
0.0364161
0.0578423
0.00493725
-0.0380296
-0.0243274
0
0.0722475
-0.0232896
-0.0303433
0.0290063
0.0341979
0.00435226
0.0035434
0.0593447
0
0.11337
0.0357661
-0.0171405
-0.0261005
0.0168101
-0.00441705
-0.0211383
0.0632641
0
0.0465691
-0.0608427
-0.0214966
0.00155967
0.0817693
-0.019917
-0.0417776
-0.0235668
0
0.0367481
-0.0676113
0.0225266
0.111428
0.0867642
-0.0256892
-0.0623488
-0.0586845
0
0.0842229
0.0266963
-0.0161043
-0.0135011
0.0691034
-0.051659
-0.0552907
0.014542
0
0.170178
0.173995
0.108254
0.10586
-0.0254589
0.00160776
0.0285127
0.107494
0
0.0489505
-0.0719173
-0.0113804
0.0605569
0.0553277
-0.0363266
-0.0733986
-0.0258939
0
0.0253151
-0.106791
-0.0482272
-0.0120459
0.0833216
0.0454523
0.00678641
-0.0525627
0
0.129611
0.182402
0.0996645
0.093921
-0.0357482
-0.0324251
0.0188608
0.0635103
0
0.0183418
0.0363859
0.0361799
0.0218876
0.00518913
0.0871767
0.093249
0.217193
0
0.0650556
-0.0914954
-0.0370118
-0.0189726
0.0817012
0.0806706
0.0311891
-0.00279275
0
0.0132283
-0.0710123
-0.0786593
-0.0147065
0.053203
-0.0675204
-0.0415355
-0.0651579
0
0.0371827
0.0311067
0.03538
0.0261979
-0.00362698
0.0917439
0.0815013
0.214373
0
0.0550719
-0.0509254
-0.0498574
-0.0510405
0.0827535
-0.0336994
-0.00397898
0.0725661
0
0.0551441
-0.0511605
-0.0543742
0.0243092
0.0592471
-0.0360982
-0.0167015
-0.0288319
0
0.0507236
-0.063251
-0.0394403
0.0233099
0.0696185
0.0346989
-0.0147451
-0.0333462
0
0.0995055
-0.0143769
-0.0104744
-0.0175972
0.0338894
-0.0268907
0.00204488
0.065608
0
0.0365614
0.000414422
0.00450258
0.0340219
0.055846
-0.000150954
-0.011028
-0.0135561
0
0.0786601
-0.0293054
0.00349387
0.0534837
0.0332706
0.0520474
0.0242078
0.0145029
0
0.0716178
-0.0543655
-0.0155986
0.0343446
0.0216693
-0.0326114
-0.0540885
-0.058805
0
0.0438859
0.0159283
0.0249546
0.0858079
0.0515936
0.0207372
0.00876496
0.00422539
0
0.0852268
-0.0064987
0.0217547
0.015918
0.0101231
0.000371682
0.0280088
0.000916621
0
0.026754
-0.039327
0.00191561
-0.0250976
-0.0194099
-0.0305474
-0.00496183
0.0162468
0
0.0318634
-0.00706842
0.000693136
0.0831373
0.0675233
0.0236935
-0.0061864
0.0107692
0
-0.00442232
0.017752
-0.00306511
0.0122838
0.013241
0.0473089
0.0699414
0.0396376
0
-0.0570376
0.0112977
0.000284717
0.0243347
0.0253807
0.0722238
0.0616682
0.0422872
0
0.0236746
-0.0410497
-0.0394826
0.0306892
0.0945468
-0.00222711
-0.0173266
0.0443121
0
0.0686615
0.016819
-0.0103433
0.0107475
0.0886797
-0.0175533
-0.0517949
0.0301248
0
0.0241948
0.0175706
0.000140986
0.0161029
0.0511342
0.0491485
0.062066
0.121736
0
-0.044538
-0.0454503
0.00987049
0.070377
-0.0134266
-0.0345414
0.00411048
0.0747785
0
0.0370408
0.0150192
-0.0246465
-0.00666586
0.131227
-0.0394665
-0.0624031
0.00328448
0
0.0765637
0.178513
0.139302
0.14455
0.0372616
0.000516344
0.0109395
0.0428612
0
-0.0255324
0.000568745
0.0606573
0.0814848
0.0265644
-0.0295784
0.0184245
0.0851512
0
-0.0415336
-0.00102508
0.141686
0.219875
0.0714245
0.0392526
0.149667
0.231798
0
0.0688713
0.170889
0.113093
0.114868
0.0140596
-0.0148074
0.0175978
0.0387677
0
-0.0278089
0.0302457
0.0379954
0.0297157
0.0222971
0.0929081
0.0945656
0.180503
0
-0.0363814
0.0366786
0.140037
0.192385
0.0245376
-0.000436854
0.113864
0.179379
0
0.0545042
0.169858
0.0831236
0.0127583
0.0244644
0.180703
0.164844
0.036429
0
-0.0145533
0.0209746
0.014965
0.0284082
0.0353704
0.131583
0.13238
0.222407
0
0.0286357
-0.0477041
-0.0633816
-0.048097
0.104939
-0.0403423
-0.0250961
0.0296837
0
0.072911
0.17562
0.0894732
0.0199919
0.0482
0.215528
0.171512
0.0233672
0
-0.0553297
0.0591431
0.00176335
-0.0383761
0.0357012
0.0621891
0.0558137
0.00783941
0
0.0825779
-0.0448595
-0.0478977
-0.0268504
0.0866882
-0.0131747
-0.010798
0.0677771
0
-0.0277402
-0.0273765
-0.0329018
0.0159901
0.0946654
0.0011506
-0.0243515
-0.0626515
0
-0.0673095
0.0593928
0.00495775
-0.0244549
0.033413
0.0903248
0.0589826
-0.0621435
0
0.0553015
0.0617729
0.0375096
0.0676387
0.0623603
-0.0159807
0.00059176
0.0350967
0
0.0302435
-0.0230032
-0.0137661
0.0461736
0.0782916
0.0281506
-0.00256602
-0.00295238
0
0.0662432
-0.0362711
-0.0216857
-0.0288935
-0.0313304
-0.0408774
0.00868394
-0.010377
0
0.00650274
0.0647509
0.0485145
0.0843924
0.0481205
0.00926064
0.0306153
-0.0374139
0
0.0533953
0.0292897
0.0100682
0.0561885
0.012337
0.000545227
0.00834702
0.0465639
0
0.00692291
0.0272234
-0.00443093
0.0158339
0.0190231
0.0156611
0.0468255
0.0190144
0
-0.0403893
0.0328336
0.038565
0.0610212
0.036791
0.0700502
0.0729359
0.0353044
0
-0.0617916
-0.00264717
-0.0767206
-0.0870675
-0.0172044
-0.00113706
0.000291108
0.0141061
0
-0.00412763
0.0126085
-0.059746
-0.0444914
0.0502312
0.0469253
0.0156129
-0.0364282
0
-0.00864146
0.017427
0.00243216
-0.00468853
0.017652
-0.000365246
0.0360075
0.051712
0
0.00699748
0.0194435
0.0870742
0.0646898
-0.0295137
-0.091995
-0.0381172
0.0803204
0
-0.00272138
0.0318573
-0.035512
-0.0530494
0.0801694
0.00590728
-0.0110875
-0.0157687
0
0.0913824
0.218873
-0.00012989
0.00218865
-0.0300835
-0.0232135
-0.00929979
-0.0533611
0
0.0144184
0.0193964
0.115409
0.08599
-0.0101625
-0.0683558
-0.0144983
0.104764
0
-0.0608941
0.017739
0.158039
0.182326
-0.000359176
-0.0303717
0.0840577
0.141945
0
-0.00720099
0.222576
0.0226863
0.0194689
-0.0147327
-0.0347202
-0.022707
-0.111361
0
-0.0506329
0.045833
-0.0447729
-0.0435154
-0.0879531
-0.0517123
0.00144449
-0.0129147
0
-0.0370068
0.0447144
0.194844
0.237429
0.0186444
-0.0106879
0.123141
0.233106
0
0.0651637
0.20167
0.0959892
0.0104734
0.0238477
0.217317
0.193073
0.041697
0
-0.130505
0.0190378
-0.0517753
-0.0224598
-0.0736915
-0.0315102
0.00270794
-0.0719318
0
-0.155527
-0.00419602
-0.0151778
-0.0243892
-0.0753359
-0.0379562
-0.0303299
-0.0304759
0
0.0283063
0.135281
0.0323538
-0.0398673
-0.0394848
0.141439
0.124298
0.00138758
0
-0.0271555
0.0667859
-0.0231434
-0.0739307
-0.00242838
0.0434697
0.073559
0.0188668
0
-0.0691389
0.0125924
-0.0240254
-0.0450956
-0.0946197
-0.0689848
-0.0339175
0.0647619
0
-0.199767
-0.053637
-0.0444148
-0.0232578
-0.0329809
0.00935474
0.0579965
0.198956
0
-0.0148718
0.0763928
-0.00627377
-0.0632683
-0.0156211
0.0413946
0.0554191
-0.0106134
0
0.000288391
-0.00317272
-0.009057
0.0110924
0.0194039
-0.0578572
-0.0249236
-0.0150456
0
-0.0945016
-0.0146795
-0.0228077
-0.0103788
-0.0373307
-0.00592648
0.0180321
0.195219
0
-0.0340209
-0.0112279
-0.0355528
0.00407344
0.0209825
-0.05846
-0.0294619
-0.00840898
0
0.0464361
0.0611742
0.0371264
0.0748014
0.0303288
0.0080763
0.00727317
-0.00414708
0
0.0572976
0.0298748
-0.00540082
0.0260312
-0.0137457
-0.0344936
-0.0209307
0.037802
0
-0.00645309
0.0286524
0.00191793
0.0541598
0.00526685
-0.0224324
-0.0273748
0.00238239
0
-0.0233201
0.0427224
-0.0152461
0.000265817
-0.0232913
-0.0339978
-0.0413004
-0.0442855
0
-0.0105324
0.0270406
-0.0565124
-0.0874897
-0.00445008
-0.0250859
0.0118162
0.0315872
0
0.0413113
0.0407479
4.48279e-007
-0.0180447
0.0685771
0.0602533
0.035943
0.016825
0
-0.0384486
-0.022715
-0.0571413
-0.0431312
0.000995132
-0.0599044
-0.052123
-0.037895
0
-0.0135764
0.000363996
-0.0733044
-0.0558184
0.0990573
0.0286882
0.00428352
-0.00810054
0
0.0662437
0.0435256
-0.0281798
-0.0715704
0.0401227
-0.0206836
-0.0175948
0.0235164
0
0.0939166
0.249751
0.0510291
0.0161956
-0.0525866
-0.0321459
-0.000286751
-0.0567183
0
0.0250035
0.0411859
-0.0721178
-0.0921359
0.0395456
-0.0283949
-0.0364489
-0.02243
0
0.0156814
0.0450272
-0.0606027
-0.0248855
-0.064578
-0.0316773
-0.00489032
-0.0662774
0
0.0872141
0.293338
0.124193
0.078762
-0.0312637
-0.0211091
0.00793159
-0.0476105
0
-0.0809591
0.06058
-0.0118171
-0.0171541
-0.126588
-0.0789785
0.000301588
-0.0349699
0
0.0396752
0.108778
-0.0524712
-0.0247062
-0.0616097
-0.0348135
-0.00865041
-0.0714569
0
-0.0496356
-0.0713511
-0.13302
-0.081192
-0.0811616
-0.054191
-0.0736637
-0.0730924
0
-0.113594
0.0398522
0.0397951
0.0820081
-0.0809778
0.0108355
0.0559736
-0.0322985
0
-0.201034
0.0204735
0.04869
0.0374932
-0.0510411
0.0388541
0.0269705
-0.0483981
0
-0.049777
-0.0133497
-0.0883242
-0.0610379
-0.0646244
-0.0373733
-0.0390381
-0.024386
0
-0.0319664
0.0167891
-0.0467173
-0.0383723
-0.0902667
-0.0419407
-0.0694602
-0.0698976
0
-0.110309
0.00683907
-0.018468
-0.0457877
-0.120009
-0.0575677
-0.0303566
0.0209344
0
-0.109275
-0.0187056
-0.020877
-0.0267328
-0.0601591
0.0215995
0.11488
0.293334
0
-0.0357196
-0.0124603
-0.0773705
-0.0613589
-0.119742
-0.0564569
-0.0925502
-0.128543
0
-0.100143
-0.0246804
-0.0696807
-0.0358551
-0.0579254
-0.0522488
-0.0679206
0.0457571
0
-0.0503281
0.0159729
0.00175433
-0.0121406
-0.0595441
-0.0303607
0.032204
0.211894
0
-0.000608997
-0.0134334
-0.027752
0.000723645
0.00214661
-0.0862575
-0.0317492
0.0364127
0
-0.0745943
-0.00172247
-0.0616279
-0.0327166
-0.0450141
-0.0625041
-0.0935437
-0.0114044
0
0.00215078
-0.0345844
-0.0457597
-0.0115509
0.0157024
-0.0487293
-0.0688007
0.0537603
0
0.00383297
0.0156773
0.0225105
0.0755641
0.0323879
-0.0163493
-0.000267887
0.0467198
0
0.00668446
0.0500831
-0.0054656
-0.0047931
0.00278631
-0.053783
-0.0307829
0.010311
0
-0.0213053
-0.00283804
-0.0172733
0.0296025
0.0196804
-0.0121278
-0.0619764
0.00306174
0
0.0316462
-0.00862547
-0.0841518
-0.0292699
-0.00856453
0.00225955
-0.0873537
-0.0888755
0
-0.0618049
-0.0168795
-0.0459294
-0.0173312
0.0533019
-0.0276809
-0.0424821
-0.0532576
0
0.0326574
0.0525123
-0.0572445
-0.022353
0.146153
0.0473775
0.0238152
0.0190309
0
0.00921437
-0.0741728
-0.0684675
-0.0192832
-0.0340957
-0.0624102
-0.0796604
0.0205351
0
-0.0370913
-0.0201842
-0.0217345
0.0802255
0.060688
-0.00160461
-0.0355179
0.0091152
0
0.0820335
0.0556749
-0.0674518
-0.0839877
0.0614143
-0.0101709
-0.0130565
0.0261589
0
0.0945682
0.0794167
-0.0478745
-0.0164662
-0.0579922
-0.0159348
0.00405992
0.0144793
0
0.017826
-0.0164119
-0.0355039
0.0357777
0.0291911
-0.0549442
-0.0533332
0.016682
0
-0.0325213
0.102184
-0.028103
-0.000755404
-0.0251034
-0.016197
-0.0109907
-0.0675988
0
0.109107
0.0886202
-0.0596355
-0.0226184
-0.0696502
-0.00420182
0.0342037
0.0388023
0
0.0175449
-0.0462153
-0.111887
-0.0581272
-0.0742459
-0.0278807
-0.0347962
0.00930128
0
0.0272978
0.177102
0.00917545
0.00019575
-0.0319374
0.00381045
0.0191778
0.0288523
0
-0.0480377
-0.0166185
-0.0875191
-0.0517908
-0.0785558
-0.00863957
-0.00326819
-0.0550296
0
0.0116653
0.00152423
-0.0548135
-0.0177326
-0.0305044
-0.00625642
-0.00224916
0.0301341
0
0.0288853
0.0454455
-0.0150667
-0.0100589
-0.0647353
-0.0211923
-0.050895
0.00869184
0
-0.090376
0.0493375
-0.016259
-0.0179404
-0.0985629
0.00448733
0.0186737
-0.0483112
0
-0.0983469
0.00220865
-0.0339044
-0.00417821
-0.112077
-0.0115287
-0.0171908
0.015066
0
0.0437277
0.0247843
-0.0525274
-0.0474895
-0.0951274
-0.0236094
-0.0635109
-0.0358148
0
0.0123673
0.0484705
-0.0209246
-0.00277527
-0.0606022
-0.0583168
-0.0886634
0.138082
0
-0.0466222
-0.00199564
-0.0175039
0.0129245
-0.0845656
-0.0226944
-0.0407979
-0.0280553
0
-0.0210986
0.0327247
-0.00953839
0.0166034
-0.0939478
-0.0282191
0.00440502
0.125874
0
0.0213813
0.057556
-0.0336347
-0.0155478
-0.0540846
-0.0633935
-0.0954549
0.0625915
0
0.0296765
0.00170623
-0.0174399
0.0132805
0.0343157
-0.0641362
-0.0877827
0.0838448
0
-0.0633117
0.0380774
-0.00466124
0.0171816
-0.0385788
-0.0237351
-0.0333742
0.0115476
0
-0.00239761
0.00845854
-0.0516434
0.00533009
0.0334282
0.0030228
-0.0135054
0.0122407
0
0.00134435
0.0336034
0.0132008
0.0612471
0.0764801
-0.00408361
-0.0527086
0.0611268
0
-0.00891153
-0.00455143
-0.075583
-0.00488532
0.0223319
-0.00204795
-0.0842329
-0.0795818
0
-0.0456233
0.0368199
-0.0549612
0.0310195
0.0756906
0.0683148
0.00273019
-0.0760056
0
0.026674
-0.0075979
-0.0580559
-0.0338429
-0.0601011
0.00467313
-0.0664672
-0.0804336
0
-0.0192586
-0.0611344
-0.0475139
0.00241529
0.017176
-0.051193
-0.062792
0.0188263
0
0.018284
0.0322508
-0.00468603
0.0899194
0.0545894
0.0214071
-0.0115164
0.027052
0
-0.0397138
-0.038267
-0.102922
-0.0402302
-0.0645882
-0.0429202
-0.0900932
0.0139877
0
-0.0556924
-0.0175568
-0.00676001
0.0629705
0.025035
0.0331837
-0.0253506
-6.72225e-005
0
0.0436113
0.0194893
-0.0229699
0.0397766
0.0087897
-0.0331338
-0.0419057
0.033171
0
0.0394962
0.13463
-0.0113059
0.0158276
-0.00145726
0.024981
0.0415087
0.0643159
0
-0.00225535
-0.0326241
-0.0299242
0.00512316
-0.0190825
-0.0230444
-0.0451487
0.0370951
0
-0.00643515
0.0658916
-0.0161725
-0.02758
-0.0125298
0.0067728
-0.00504077
-0.0260154
0
0.0275738
0.128049
-0.0235354
-0.00701597
-0.0236496
0.0197925
0.0394566
0.063165
0
0.0105692
0.0310436
-0.0470101
-0.0233089
-0.0683057
0.00278508
0.00428372
0.00578018
0
0.0397956
0.0988269
2.10547e-007
-0.0313273
-0.0299852
0.0168404
0.0228541
0.00565904
0
-0.0799928
-0.00251462
-0.0661611
-0.0431386
-0.0359462
0.0247942
-0.0249492
-0.0494843
0
-0.0456494
0.0444727
-0.0223154
0.0120537
-0.0344798
0.0428906
0.0379934
-0.00611791
0
-0.0510982
0.0109592
-0.00413605
0.0439971
-0.0355438
0.0183122
-0.0112095
0.0792824
0
-0.146368
0.0356023
-0.0315629
0.0247037
0.0251556
0.0483219
-0.0106513
-0.0872101
0
-0.160637
-0.0539114
-0.0265746
0.0337681
-0.00718414
-0.00374878
-0.0304383
-0.0270801
0
-0.028437
0.00589977
-0.00764085
0.0282897
-0.0458287
0.00939222
-0.00730794
0.0292385
0
-0.00122739
0.075873
0.0206377
0.0463662
-0.0702994
-0.0257515
-0.000461623
0.0971726
0
-0.101147
-0.0382852
-0.0241026
0.0278556
-0.0252907
-0.0311637
-0.0570928
-0.035407
0
-0.00811661
0.0212541
0.0053755
0.0131581
-0.0384146
-0.0334253
-0.0138859
0.113719
0
0.010913
0.094902
0.0281402
0.0443473
-0.0215584
-0.00768657
-0.013996
0.0735888
0
0.0424949
0.034695
-0.0332151
0.0188548
0.0178549
-0.0148171
-0.0342708
0.0558139
0
-0.0537789
0.0161775
-0.00489741
0.00513365
-0.0471753
-0.0496645
-0.0325639
0.0541454
0
-0.00620186
0.0583945
-0.0287595
-0.00331034
0.00573791
-0.0181148
-0.00105494
-0.00904192
0
0.0383298
0.0672998
-0.0213157
0.0725972
0.0821838
0.0826502
0.0187982
0.0368279
0
0.0362748
0.00180859
-0.0453149
-0.0307509
-0.0268037
-0.00546722
-0.0912848
-0.0755984
0
-0.0403302
0.0456965
-0.0206121
0.0359807
0.0381028
0.0593174
0.0453399
-0.0326689
0
-0.0486895
0.00584957
-0.0768722
-0.0295938
-0.00444867
-0.0281516
-0.071175
-0.103928
0
-0.000251619
-0.0282372
-0.0959372
-0.00646316
-0.0227084
-0.0272784
-0.0845848
0.0289029
0
-0.00486684
0.0310865
0.0356455
0.109147
0.0834581
0.0467667
-0.0330259
-0.0135129
0
-0.120746
-0.0514537
-0.0745195
-0.0136576
-0.0791828
0.000351991
0.00801946
0.0230737
0
-0.036993
-0.0316869
-0.0304605
0.0354596
-0.0105258
0.00248868
0.0227081
-0.0171862
0
-0.0105718
-0.032891
-0.0299435
0.00468776
0.0218412
-0.0189305
-0.0497988
0.020962
0
0.127387
0.121013
-0.0040997
-0.0269674
-0.00999087
0.0172668
0.0166402
0.0846197
0
0.00793955
-0.0393565
-0.0464055
-0.0088705
-0.0643905
-0.0382322
0.00170793
0.0595884
0
0.0115798
0.0502735
-0.0225988
0.0143479
0.0101727
0.0226183
0.00561504
0.0663885
0
0.0536545
0.0888549
-0.0296508
-0.040706
-0.0229378
0.0116691
0.0270744
0.0495287
0
0.00529454
0.0263194
-0.0470459
-0.0280446
-0.00500297
0.0483855
-0.00429723
0.0434739
0
0.101702
0.0676716
-0.0271556
0.0214015
0.0140129
0.0295322
0.0169025
0.138837
0
-0.148967
-0.0318816
-0.104915
-0.0766225
-0.107076
-0.0208762
-0.0811736
-0.016822
0
-0.073992
0.056547
-0.0245079
0.0462835
0.0934538
0.109316
0.0434642
0.00993511
0
-0.0869978
0.00273647
0.023973
0.101453
0.0758325
0.025843
-0.015531
0.0410121
0
-0.144858
-0.00184489
-0.0591259
0.0159202
0.0240896
0.0571831
-0.0665233
0.000461483
0
-0.0854162
0.0194522
-0.0581857
0.0821981
0.00100672
-0.0147655
-0.0554245
-0.0485354
0
-0.0602394
-0.0182369
-0.028142
0.030279
-0.0225049
-0.0339757
-0.0540554
-0.0165998
0
0.0742053
0.0697932
0.0231148
0.024342
-0.0311718
-0.0322589
-0.0184857
0.140693
0
-0.0943
-0.0150151
-0.101005
0.00567362
-0.0950991
-0.0867665
-0.108352
-0.0828837
0
0.132915
0.113893
0.0496471
0.0713178
0.0111368
-0.015222
-0.0413199
0.0754529
0
0.0768122
0.0585793
0.0208494
0.0332408
-0.0117477
-0.025404
-0.0161733
0.13287
0
-0.0076933
0.0269154
-0.0442786
-0.00470081
0.0291463
-0.0258352
-0.00120116
0.00576153
0
0.0210738
0.0578228
0.0183564
0.0447257
-0.0094844
-0.0339725
-0.0465964
-0.000979018
0
0.0235041
0.0592256
0.00970776
-0.0133463
-0.0414079
-0.00237882
-0.00540599
0.0152989
0
0.0104886
0.0384335
-0.0155917
0.0494527
0.111857
0.0771271
0.055779
0.0616185
0
-0.0119936
0.00273715
-0.0784618
-0.0246146
0.0214902
-0.00909549
-0.0780314
-0.0758545
0
0.00234375
0.0532823
0.0262933
0.0389527
0.00244139
0.071736
0.0158412
-0.0202649
0
-0.00774781
0.053867
-0.00320718
-0.0071009
-0.03297
-0.00716362
-0.0647347
-0.104168
0
-0.0586527
-0.00390986
-0.0287483
0.0346487
-0.0106619
0.0291839
0.0103314
0.0404362
0
0.0136948
0.00708575
0.0174114
0.110375
0.102975
0.0812871
0.0642377
-0.00276703
0
-0.0275191
-0.0147346
-0.0577115
-0.0385131
-0.0661748
-0.004136
-0.0417538
-0.017572
0
-0.0216018
0.00341748
0.0184558
0.0459814
0.0311822
0.0489632
-0.0186899
-0.0225721
0
0.0187152
-0.0470821
-0.0354738
0.00809325
-0.0429055
-0.0305227
-0.00957709
0.0217862
0
0.0351955
0.0713714
-0.00841179
0.0277351
0.0193042
0.0366901
-0.00371128
0.0979261
0
-0.0319907
-0.0229951
-0.0246431
-0.0398166
-0.0410239
-0.0189642
-0.0357791
0.00137773
0
0.0370774
0.0286487
-0.0160997
0.0271695
0.0390978
0.0309079
-0.0557382
0.0385919
0
-0.0368676
0.0258142
-0.0508572
-0.00104493
0.00487211
0.0143293
-0.00841844
0.0358472
0
-0.0422608
0.00500285
-0.0776462
-0.0623225
-0.103116
-0.0220483
-0.0705523
0.0425286
0
0.0651719
0.0232906
-0.0438252
-0.00539006
0.026293
0.028434
-0.0387345
0.096258
0
-0.0885572
0.0256068
-0.0906964
-0.0815379
-0.0905389
-0.0549279
-0.110965
0.0157013
0
-0.140357
0.0109138
-0.0338041
0.00860652
0.0291267
0.050729
-0.0330978
-0.0135582
0
-0.097381
0.00559098
-0.0494858
0.0623017
0.00492535
-0.0162166
-0.0337035
-0.0448616
0
0.0371955
0.0831863
-0.0644011
-0.0436165
-0.0286951
-0.0297038
-0.124214
0.0802029
0
0.046277
0.0390139
-0.124769
-0.0433399
-0.0392399
-0.0569643
-0.0681906
0.0491477
0
-0.0221701
0.00248688
-0.0946498
-0.00504711
-0.07215
-0.065104
-0.0820945
-0.0262235
0
0.0931526
0.106762
0.0345408
0.0620937
0.0065226
-0.0298329
-0.0588371
-0.00412558
0
0.0424079
0.0180855
-0.124012
-0.0596873
-0.0973063
-0.0918992
-0.110939
-0.056
0
0.129683
0.0240921
-0.0342368
0.0349039
0.0340154
0.000546048
-0.0497341
0.0257275
0
0.113557
0.0786875
0.0143225
0.0536324
0.0220099
-0.0239506
-0.0462617
0.0511235
0
0.0365938
0.0375633
-0.00714149
-0.0249255
-0.0264814
-0.000337931
-0.00523977
0.0152152
0
0.0464885
-0.0308053
-0.0543017
0.0270752
0.033682
0.0151802
-0.036447
-3.78044e-005
0
-0.0307671
-0.0231167
-0.0308558
-0.0219238
-0.0105883
-0.00827709
-0.0204943
-0.00100047
0
0.0185391
0.0287733
0.030875
0.0613613
0.0668562
0.105129
0.0432015
0.0327658
0
0.025104
0.0563672
-0.0106446
0.00477684
0.00315284
0.00716788
-0.0482586
-0.0704439
0
-0.0380165
-0.0158877
0.0166313
0.0517734
0.0215494
0.0739941
0.0185765
0.0358036
0
0.0139465
-0.00580649
-0.0394842
-0.000458068
-0.0338637
-0.00207823
-0.0635815
-0.0228209
0
-0.0163698
0.0199447
-0.0346066
0.0106583
-0.0137263
0.0207879
-0.0366975
-0.0196408
0
-0.00801436
0.0279653
0.0343916
0.0755347
0.049359
0.0787951
-0.0155795
-0.0058096
0
-0.00879001
-0.0451139
-0.0594385
-0.023948
-0.0501758
0.0134634
-0.0824257
-0.0409114
0
-0.0406264
0.0627742
-0.00735413
0.039797
0.0391292
0.0773679
-0.00232057
0.013373
0
0.0165919
-0.0361658
-0.0207977
-0.0287206
-0.0285639
-0.0105535
-0.0385135
0.0385851
0
0.0233102
0.0117902
-0.025823
0.0360211
0.0462218
0.0420656
-0.0590941
0.0212937
0
-0.0234173
0.00587463
-0.0529984
-0.0240783
-0.0097105
-0.00445223
-0.0411012
-0.0064532
0
-0.00902238
0.0675475
-0.0271339
-0.00468966
-0.00392769
0.0327696
-0.0260614
-0.0422848
0
-0.0221009
0.00866576
-0.048222
-0.0138743
0.0030095
0.0102711
-0.0608567
-0.0166397
0
0.0455566
0.0562828
-0.0622512
-0.0519512
-0.0469306
-0.0430936
-0.109563
0.0672882
0
-0.00665683
0.0519815
-0.0323694
-0.0339287
-0.0284616
-0.00564577
-0.0274446
-0.00566533
0
-0.0482896
0.0970443
-0.0557723
-0.0844005
-0.116716
-0.0578426
-0.0613843
-0.0411406
0
-0.0417455
0.0553594
-0.045363
-0.0120448
0.036034
0.00602985
-0.0823808
0.0265407
0
-0.0715147
0.0165418
-0.0889486
-0.00683041
0.0169832
-0.0382615
-0.0404431
0.0234156
0
0.0582764
0.154947
-0.0213706
-0.0615214
-0.0916241
-0.0498493
-0.0491161
0.0279132
0
0.00330718
0.0223293
-0.0683522
-0.0428091
-0.0714728
-0.0832163
-0.0151165
0.205426
0
0.0513606
0.00398962
-0.10633
-0.0372676
-0.0530518
-0.0719626
-0.0768787
0.0184072
0
-0.0218253
-0.0110694
-0.040091
0.0312707
0.0212647
-0.0102684
-0.0450346
-0.0421008
0
0.0469331
0.0162616
-0.0914816
-0.055026
-0.129361
-0.125555
-0.0629409
0.103696
0
-0.015019
-0.0416174
-0.0622074
0.0130067
-0.0179977
-0.0313316
-0.0440607
0.0392486
0
0.0471049
-0.0331112
-0.0355661
0.0573076
0.0739829
0.0413717
-0.0244472
0.000563681
0
0.0352661
-0.00729327
-0.0218893
-0.0101556
0.010938
0.00589763
-0.0161826
0.0221905
0
-0.0169736
-0.0514738
-0.0623495
0.0329317
0.0182718
-0.00181025
-0.0229929
0.0790342
0
-0.00832097
0.0116358
-0.0334701
-0.0152014
-0.0267059
0.013884
-0.0111028
0.00524988
0
-0.0488609
-0.0154718
0.0179419
0.0731212
0.0767423
0.102929
0.0226603
0.00997256
0
0.00961994
0.0055186
-0.0325843
-0.00856122
0.0020311
0.0266321
-0.0677946
-0.00265302
0
-0.03636
0.0241624
0.00264578
0.0881257
0.0408233
0.0721428
0.0428155
0.0203357
0
-0.00595952
-0.00266554
-0.0673403
-0.000902476
-0.0776351
-0.0143146
-0.0594548
-0.0626471
0
-0.00665353
-0.0368813
-0.0463779
-0.0120363
-0.00187629
0.0333704
-0.0761145
-0.0681521
0
-0.0714713
0.0499142
0.016633
0.0878946
0.100583
0.0878541
0.00069231
-0.013822
0
-0.0237627
-0.0312929
-0.0922903
-0.0100033
-0.0912485
-0.0413832
-0.0279527
-0.0353557
0
-0.0566031
0.00397224
-0.0212628
0.0634034
0.0184358
0.0645434
-0.00943081
-0.0602187
0
-0.0142523
0.00719332
-0.0288405
-0.0187153
-0.0451137
-0.00436042
-0.0443839
0.0182478
0
0.0141281
0.0794595
-0.0221785
0.00465407
0.0286909
0.046722
-0.0256605
-0.0204246
0
-0.0271446
-0.0229342
-0.0450253
0.0100821
-0.0518399
-0.0305952
-0.0616588
-0.0533482
0
0.00887334
0.043888
-0.0167511
0.0101702
0.0286861
0.0470235
-0.0737204
-0.0898335
0
-0.0307052
0.0536788
-0.0309976
-0.0309324
-0.0269867
-0.00608933
-0.0247069
-0.0242607
0
0.0518115
0.166806
-0.0142738
-0.0632759
-0.0862359
-0.038368
-0.0613201
-0.0309483
0
0.0564646
0.0275472
-0.0471493
-0.0376064
-0.0326777
-0.0122641
-0.0748164
-0.0421961
0
0.0549741
0.00830317
-0.0683255
-0.0795474
-0.0800548
-0.0651707
-0.106426
-0.00561682
0
0.0125942
0.147323
-0.00709256
-0.054845
-0.0747315
-0.0368583
-0.0518423
-0.0296297
0
-0.0610381
0.0293598
-0.0677469
-0.0326347
-0.0442661
-0.06809
-0.00550599
0.127697
0
0.0976739
0.0506354
-0.0391239
-0.0509983
-0.0429826
-0.0286787
-0.075834
0.0130775
0
0.0275342
0.00935137
-0.0929519
-0.050739
-0.0455378
-0.0444568
-0.044294
0.064957
0
0.0295433
0.0228815
-0.0825276
-0.0418508
-0.090863
-0.102139
-0.0385994
0.117968
0
-0.0694402
-0.0443969
-0.0543885
0.0088815
0.00556128
-0.0344302
-0.0341436
0.0256846
0
0.0694615
0.0331116
-0.0997199
-0.0883299
-0.106595
-0.0892517
-0.0821429
-0.00921418
0
-0.0125092
-0.0604414
-0.0707981
-0.038118
-0.0623553
-0.0356365
-0.0421671
0.0379836
0
-0.056783
-0.0768949
-0.0565299
0.040334
0.034568
0.00964042
-0.0212033
0.0370444
0
-0.00312336
0.0224776
-0.0304698
-0.00896653
-0.0662708
-0.00386605
0.00221895
0.00239954
0
-0.00680731
-0.0872947
-0.0697988
0.00986988
-0.00297288
0.0129647
-0.0217605
0.0698199
0
-0.0463215
-0.0407221
-0.0416567
-0.00179925
-0.0580787
0.00567449
-0.0437237
-0.0709075
0
-0.045012
0.0187288
0.00389216
0.0887299
0.086395
0.115808
0.0652705
0.0157732
0
0.00718889
-0.00610272
-0.0653981
0.0116546
-0.0133829
0.0104851
-0.0553998
-0.0463951
0
-0.0587589
-0.00799196
0.0012609
0.0841279
0.0191664
0.0732363
-0.0116923
-0.0585883
0
-0.0351565
-0.0240345
-0.0194949
-0.0719596
-0.10756
-0.0422429
-0.0509361
-0.0886754
0
0.018012
-0.0100764
-0.0725683
0.0080324
-0.0351123
-0.0252826
-0.0471723
-0.0363644
0
-0.0206612
0.0336662
0.00723627
0.10004
0.068955
0.0817907
-0.00233895
-0.0270616
0
-0.0392985
-0.0810166
-0.0766583
-0.018989
-0.0599657
-0.0484776
-0.0666765
-0.0327958
0
-0.0789541
-0.0204656
0.00193298
0.0713771
0.0478156
0.0509333
0.032165
-0.0403395
0
-0.00837063
-0.0341264
-0.0454283
0.0117654
-0.0693872
-0.0405895
-0.0612172
-0.0318609
0
0.0382725
0.0253754
-0.0131163
0.0524257
0.0912211
0.0625507
-0.0533791
-0.0336304
0
-0.0327791
-0.0491146
-0.0436751
-0.0270261
-0.094484
-0.0724198
-0.0224922
-0.0127174
0
-0.00896365
0.0426851
0.0235648
0.0440831
0.031727
0.0542828
-0.0207465
-0.0323423
0
-0.0485421
0.00678172
-0.0618865
-0.0325031
-0.0266537
-0.0136325
-0.0726252
-0.0971786
0
0.0818231
0.0314002
-0.0593686
-0.0716401
-0.0699219
-0.0456466
-0.093361
0.0584549
0
0.0180217
0.0510817
-0.00159204
-0.0323015
-0.0427828
-0.0453523
-0.0329917
-0.017567
0
0.0749973
0.0512396
-0.0192874
-0.0109285
-0.0622792
-0.0479707
-0.0299384
0.0750128
0
0.0630072
0.0437946
-0.0438429
-0.0564416
-0.0337244
-0.0298971
-0.0770957
-0.0125178
0
-0.0447686
-0.00810201
-0.0929956
-0.0586604
-0.0400607
-0.044221
-0.0384768
0.0349817
0
0.095511
0.0723398
-0.00584215
-0.00231662
-0.0475152
-0.0373847
-0.0157101
0.0864611
0
0.0881173
0.0301755
-0.0492055
-0.0468187
-0.0693367
-0.0215643
0.00976231
0.0790409
0
0.0544155
0.0373458
-0.101237
-0.0787448
-0.0650829
-0.0572157
-0.0533421
0.0162438
0
-0.0560757
-0.0487776
-0.0720703
-0.0344318
-0.021976
-0.0247284
-0.0478887
-0.00555939
0
0.140429
0.0695471
-0.0316369
-0.0459899
-0.0914889
-0.00987355
0.0144668
0.0387805
0
-0.0565565
-0.0463362
-0.0644018
-0.0377859
-0.0134324
-0.0504659
-0.029084
-0.00927583
0
-0.00222945
-0.051974
-0.0485092
0.0249053
0.037497
0.0241344
-0.0229681
0.026923
0
-0.0371666
-0.027079
-0.0489824
-0.0356653
-0.0396958
0.0247644
-0.020188
-0.0319759
0
-0.0531765
-0.0175565
-0.0474098
0.0111165
0.0404508
0.0173995
0.0180426
0.019251
0
-0.04045
-0.0222379
-0.0459911
-0.0813159
-0.108122
-0.0218099
-0.0266213
-0.0724289
0
-0.0746745
-0.0215104
0.00129321
0.0897731
0.0665921
0.120157
0.0298471
-0.0179277
0
0.0111199
-0.00876085
-0.0282282
-0.0514647
-0.0395191
-0.00213546
-0.01691
-0.0427822
0
-0.0208671
0.0186642
0.0212141
0.035394
0.0375251
0.0733293
0.0249465
-0.0157126
0
-0.0158772
-0.0518567
-0.0684798
-0.0552133
-0.128732
-0.0740925
-0.0356093
-0.060249
0
-0.0340629
-0.063707
-0.0547476
0.0119036
-0.0312952
-0.0516144
-0.0833793
-0.0452861
0
-0.0431142
0.00950501
0.0294943
0.125682
0.0843537
0.0745984
0.029295
-0.0287872
0
-0.0537123
-0.0187307
-0.0242834
-0.00976276
-0.0687676
-0.0660393
-0.0800878
-0.00388739
0
-0.0517561
-0.00805275
0.0148283
0.0233941
0.0802818
0.080318
0.0376627
-0.0195426
0
0.00111584
-0.0231764
-0.0130264
0.0203845
-0.064681
-0.0370673
-0.00874607
0.0355362
0
0.0668992
0.0861098
0.0598471
0.107847
0.118448
0.0918176
-0.0142554
0.0466849
0
-0.028995
-0.0392621
-0.0492034
-0.0518141
-0.0380973
-0.0411909
-0.00956521
-0.00845506
0
-0.0503647
-0.00118788
-0.00879296
0.0448711
0.0488913
0.0451668
0.0318139
0.00312509
0
-0.0117641
0.0528635
0.00797127
0.00380567
0.0123417
0.00187404
-0.0158565
-0.0141633
0
0.145557
0.126902
0.0290601
0.0327991
0.00373966
-0.0139515
-0.0258955
0.118235
0
-0.0703115
-0.0242709
-0.0472066
-0.0450892
-0.0470464
-0.0532185
-0.00029031
-0.0269947
0
0.00154095
0.0891051
0.0523008
0.0460446
0.10778
0.106261
0.0548263
0.0251654
0
0.0980799
0.113217
0.0241394
0.0198066
0.0159431
-0.00746288
-0.00851632
0.0998087
0
0.0490764
0.0558567
-0.00364038
0.00496136
-0.00840511
0.0055973
0.0265966
0.0807295
0
0.000370122
0.0644168
0.0285036
0.0260752
0.0754163
0.0873036
0.0415731
0.040206
0
0.00469711
0.0773474
0.0293332
0.107773
0.0736977
0.027045
0.0385092
0.0773139
0
0.10298
0.078035
-0.0205929
-0.0188786
-0.0244403
0.0246874
0.0441798
0.0791517
0
-0.0718337
-0.0191195
-0.024131
0.00653499
0.0476905
-0.0257531
0.00603005
0.0478137
0
0.0078961
0.0746439
0.0242337
0.0991541
0.0792428
0.0240246
0.0416426
0.0694228
0
-0.0551036
0.0119391
0.0216761
-0.0134381
-0.0203102
-0.078363
-0.0311581
-0.0829037
0
-0.0223549
-0.0147247
-0.0304883
0.0607891
0.14104
0.0759434
0.0683516
0.0801567
0
-0.007099
0.00937086
-0.0247953
-0.0277106
-0.0469172
0.0190603
-0.00452744
-0.0394231
0
-0.0284379
0.0270722
0.0297732
0.0209061
0.0372777
-0.0229125
0.0171736
-0.0195277
0
-0.0253114
-0.0329996
-0.0071365
-0.0712725
-0.0610156
-0.0712386
-0.0434602
-0.0551565
0
-0.0104572
0.0279228
0.0123662
0.0775065
0.0788351
0.13575
0.0576713
-0.00809319
0
-0.0196799
-0.0479964
-0.0509919
-0.0495671
-0.0363427
-0.0170291
-0.0232988
-0.022569
0
-0.0487146
-0.00770097
0.038036
0.0608638
0.0987586
0.0366429
0.0132792
-0.0413344
0
-0.018886
-0.0171704
-0.0634799
-0.0645437
-0.0856516
-0.0493025
-0.0189416
-0.0379721
0
-0.0294204
0.0136222
0.00864058
0.020285
-0.0913264
-0.0874583
-0.104688
-0.00409664
0
-0.0281352
0.0141499
0.0600359
0.0453026
0.0479808
0.100277
0.0554847
0.00132006
0
-0.0728674
-0.0260573
-0.0672195
-0.0224037
-0.0201354
-0.0130759
-0.0652035
-0.0734908
0
-0.0624892
-0.0153233
0.0557248
0.044748
0.0883166
0.0818163
-0.0248143
-0.0250392
0
-0.0162894
-0.0165028
-0.00986316
-0.0350025
-0.068391
-0.00269702
-0.00111607
-0.00356745
0
0.0303393
0.0699058
0.0233935
0.0644137
0.0546366
0.101376
0.0691454
0.0732432
0
-0.0642873
-0.0264638
0.0147008
-0.0379851
-0.028267
-0.000406611
-0.0440191
-0.0497012
0
-0.0991643
-0.0335485
-0.00274667
-0.0184873
0.00269763
0.0189237
-0.0299531
-0.0359753
0
0.000457988
0.0147497
-0.0493427
-0.0613903
-0.0736887
0.00128213
0.0464597
0.0618322
0
0.140028
0.18274
0.10002
0.0984088
0.198153
0.167522
0.0608407
0.0768109
0
-0.101996
-0.0647388
-0.0712362
-0.117056
-0.082379
-0.0438697
-0.0473623
-0.0514243
0
-0.109574
-0.0483921
-0.0314849
-0.0237097
-0.00411424
-0.0468835
-0.054583
-0.0938584
0
0.037562
0.108491
0.0463295
0.0604284
0.141402
0.145862
0.0613614
0.0857299
0
0.0330735
0.126383
0.0688562
0.178279
0.127654
0.0576079
0.0328312
0.105428
0
-0.0971288
-0.0521088
-0.0419448
-0.0464539
-0.0188128
-0.0451721
-0.0498398
-0.0722756
0
-0.106818
-0.0464853
-0.0268479
-0.0015793
-0.0394071
-0.0514887
-0.0468888
-0.103873
0
0.0751901
0.0932658
0.0414096
0.17911
0.167338
0.0850838
0.0904432
0.176879
0
-0.0431456
0.0560453
0.0741068
0.0220262
-0.0334445
-0.0830597
-0.0279941
-0.0378509
0
-0.131881
-0.0654616
-0.0450279
-0.0135375
-0.0311169
-0.0375627
-0.0472541
-0.104818
0
-0.0502066
-0.00757133
-0.0229347
-0.0635927
-0.0541201
-0.0904508
-0.0563051
-0.108455
0
0.0281534
0.0617944
0.0626953
0.0656279
0.0862885
0.0477032
0.066665
0.108102
0
-0.00676721
0.00238778
0.0221558
-0.0275319
-0.0597937
-0.0404214
-0.0186515
-0.0476765
0
-0.0458107
-0.00550267
0.000330559
0.0183591
0.0144267
-0.0314999
-0.0229979
-0.0975853
0
-0.0574547
-0.0140803
-0.0273438
-0.0138356
0.00193246
-0.0485976
-0.0298325
-0.0400326
0
-0.00348866
0.0201048
0.0701424
0.0659313
0.0518075
0.0796782
0.088911
0.0357966
0
0.0465918
0.00697205
-0.0402923
-0.0580174
-0.0845187
-0.00690497
0.00536699
0.0316688
0
-0.0498189
0.00885748
0.00654956
0.0531277
0.109363
0.0288293
0.0220161
-0.0304758
0
-0.0385472
-0.00128169
0.00676791
0.0383996
0.0068239
-0.0398201
-0.0300661
-0.0590312
0
0.0335715
0.00458348
-0.0483011
-0.0199692
-0.0756013
0.0150257
-0.0538102
0.0289289
0
0.105517
0.0350411
0.099612
0.0761703
0.0439868
0.131873
-0.0258187
0.0987222
0
0.00459687
-0.105319
-0.114705
-0.105872
-0.174626
-0.0651563
-0.12239
0.0275247
0
0.0366259
-0.0590499
-0.00328093
0.0920646
-0.00596236
0.0721106
-0.0197507
0.0153966
0
0.0870256
0.0157323
0.0637822
0.00154464
-0.0299461
0.0814152
-0.0311317
0.0764927
0
0.00859689
0.00456763
0.0213365
0.0412612
-0.0245858
0.0634324
-0.0374459
0.0408324
0
0.0209134
-0.0801288
-0.0437442
0.027926
-0.0560605
0.0479392
-0.0296344
-0.00135523
0
-0.0150944
-0.0581754
-0.0285834
0.0519147
0.0112156
0.0413674
-0.0730626
-0.000170959
0
0.0407095
0.00477451
-0.0132315
-0.0374511
-0.0506013
0.0745637
0.0136825
0.0854481
0
0.0193401
-0.00663353
0.0229804
0.0885035
0.101485
0.100338
-0.0250255
0.0386627
0
-0.0396947
-0.0615575
-0.0402189
0.0405126
0.0291834
0.0498136
-0.0601742
-0.0269676
0
-0.00852024
-0.0614415
-0.022503
0.0211429
-0.00996
0.0589206
-0.0320081
-0.00508285
0
0.0343321
-0.02484
-0.017349
0.0144894
0.0059515
0.0786914
-0.00352842
0.0980003
0
-0.0023406
0.0268806
0.0288957
0.111294
-0.000314564
0.0111892
-0.0396605
-0.00276403
0
-0.0342141
-0.0746942
-0.0151518
0.0355457
-0.0105331
0.0605679
-0.0228952
-0.0148703
0
0.0218645
-0.002842
-0.0160922
0.0435385
-0.077883
0.0141266
-0.0578101
-0.0032033
0
-0.0200637
-0.00253115
0.013391
0.126723
0.0673449
0.0623511
0.00320421
0.0490839
0
0.058412
0.0256532
0.035867
0.0550263
-0.0215205
-0.000935725
-0.0122403
0.0319441
0
-0.0112235
-0.0220659
-0.0206118
0.0311326
-0.0645796
0.0156947
-0.0694812
-0.0264165
0
-0.0185641
-0.046783
-0.0377701
0.0104866
0.0148834
0.0609802
-0.0512047
-0.0116173
0
0.0357817
-0.0071472
0.018622
0.0630668
0.0023777
0.0426369
0.000809525
0.0153558
0
0.0619545
0.00840449
-0.0104729
0.0298838
-0.0205979
0.00254989
-0.000889791
0.0959676
0
-0.0311921
-0.0676378
-0.0549179
0.00752138
-0.0132757
0.0549081
-0.0570562
-0.0087709
0
0.0334747
-0.0191668
-0.0285295
-0.00212078
-0.0377199
0.0252704
-0.0523685
-0.0221367
0
0.0938223
0.00472766
0.0111921
0.0804687
0.0658338
0.0877547
0.0471981
0.156948
0
0.069071
0.00889363
0.00998219
0.0336906
-0.0669914
-0.0186714
-0.0211553
0.0191396
0
0.0586658
-0.0117763
-0.0216902
0.0296175
-0.0083625
0.0800832
-0.0125059
0.0256325
0
-0.01352
-0.0627376
-0.113815
-0.0630752
-0.110586
-0.0802808
-0.133172
-0.0535823
0
